489 652
163-145 = 18  .. %2 = 9

9 145 9 9 145 9 9 145 9
145
9

9
145
9

9
145
9

9
145
9

board위치
110, 145

(0 0)                    (1 0)                      (2 0)
9, 9                     9+163, 9                 9+163*2, 9 

(0 1)                    (1 1)                      (2 1)
9, 9+163               9+163, 9+163          9+163*2, 9+163

(0 2)                    (1 2)                      (2 2)
9, 9+163*2            9+163, 9+163*2        9+163*2, 9+163*2

(0 3)                    (1 3)                      (2 3)
9, 9+163*3            9+163, 9+163*3        9+163*2, 9+163*3
